5.729416667
5.321889691
5.099980719
4.949478724
4.836555428
4.746691327
4.672356482
4.60915787
4.55431612
4.50596501
4.46279298
4.423844369
4.388402096
4.35591485
4.325949983
4.298161971
4.272270655
4.248045855
4.225296233
4.20386109
4.183604202
4.164409131
4.146175602
4.128816665
4.112256455
4.096428401
4.081273779
4.066740534
4.05278232
4.039357696
4.02642947
4.013964137
4.001931412
3.990303838
3.979056443
3.968166454
3.957613047
3.947377134
3.937441178
3.927789026
3.918405776
3.909277644
3.900391865
3.891736585
3.883300788
3.875074213
3.867047287
3.85921107
3.851557197
3.84407783
3.836765618
3.829613656
3.822615451
3.815764886
3.809056199
3.80248395
3.796043001
3.789728494
3.78353583
3.777460651
3.771498826
3.765646432
3.759899743
3.754255218
3.748709485
3.743259336
3.737901711
3.732633693
3.727452499
3.72235547
3.717340065
3.712403855
3.707544515
3.70275982
3.698047636
3.693405921
3.688832713
3.684326131
3.679884369
3.675505692
3.671188431
3.666930982
3.662731804
3.658589409
3.654502368
3.650469304
3.646488887
3.642559837
3.638680919
3.634850941
3.631068751
3.627333237
3.623643327
3.61999798
3.616396195
3.612836999
3.609319453
3.605842648
3.602405704
3.599007768
3.595648013
3.592325639
3.589039869
3.585789951
3.582575155
3.579394771
3.576248111
3.573134509
3.570053315
3.5670039
3.56398565
3.560997972
3.558040286
3.555112031
3.552212658
3.549341636
3.546498446
3.543682584
3.54089356
3.538130895
3.535394123
3.532682791
3.529996457
3.52733469
3.524697069
3.522083185
3.519492639
3.51692504
3.514380009
3.511857175
3.509356176
3.506876657
3.504418275
3.501980691
3.499563577
3.497166611
3.494789478
3.492431873
3.490093493
3.487774047
3.485473247
3.483190812
3.480926469
3.478679949
3.476450988
3.474239331
3.472044726
3.469866926
3.467705691
3.465560784
3.463431976
3.461319039
3.459221752
3.457139898
3.455073264
3.453021641
3.450984827
3.44896262
3.446954824
3.444961246
3.442981699
3.441015997
3.439063959
3.437125407
3.435200166
3.433288066
3.431388937
3.429502615
3.427628939
3.425767749
3.42391889
3.422082208
3.420257553
3.418444778
3.416643737
3.414854288
3.413076292
3.411309611
3.40955411
3.407809656
3.40607612
3.404353372
3.402641288
3.400939743
3.399248615
3.397567786
3.395897138
3.394236554
3.392585922
3.390945129
3.389314066
3.387692624
3.386080697
3.38447818
3.38288497
3.381300966
3.379726069
3.378160179
3.3766032
3.375055038
3.373515598
3.371984788
3.370462518
3.368948698
3.36744324
3.365946058
3.364457067
3.362976181
3.361503319
3.360038399
3.35858134
3.357132064
3.355690492
3.354256548
3.352830155
3.35141124
3.349999729
3.348595548
3.347198628
3.345808896
3.344426285
3.343050725
3.341682149
3.340320491
3.338965684
3.337617665
3.336276368
3.334941733
3.333613695
3.332292195
3.330977171
3.329668564
3.328366316
3.327070368
3.325780663
3.324497145
3.323219758
3.321948447
3.320683158
3.319423837
3.318170431
3.316922889
3.315681158
3.314445188
3.313214929
3.311990332
3.310771346
3.309557925
3.30835002
3.307147584
3.305950571
3.304758934
3.30357263
3.302391612
3.301215836
3.30004526
3.298879839
3.29771953
3.296564293
3.295414085
3.294268866
3.293128593
3.291993228
3.290862731
3.289737063
3.288616184
3.287500057
3.286388643
3.285281906
3.284179808
3.283082314
3.281989385
3.280900988
3.279817087
3.278737647
3.277662633
3.276592011
3.275525748
3.274463811
3.273406165
3.27235278
3.271303622
3.27025866
3.269217861
3.268181196
3.267148633
3.266120142
3.265095692
3.264075254
3.263058798
3.262046295
3.261037716
3.260033033
3.259032217
3.25803524
3.257042075
3.256052694
3.25506707
3.254085177
3.253106987
3.252132475
3.251161615
3.250194381
3.249230747
3.248270688
3.24731418
3.246361197
3.245411716
3.244465712
3.243523161
3.242584039
3.241648324
3.240715991
3.239787019
3.238861383
3.237939062
3.237020034
3.236104275
3.235191765
3.234282481
3.233376403
3.232473509
3.231573778
3.230677189
3.229783722
3.228893355
3.22800607
3.227121845
3.226240662
3.2253625
3.224487339
3.223615162
3.222745948
3.221879678
3.221016335
3.220155898
3.219298351
3.218443674
3.21759185
3.21674286
3.215896687
3.215053314
3.214212723
3.213374896
3.212539818
3.21170747
3.210877835
3.210050898
3.209226642
3.208405051
3.207586108
3.206769797
3.205956102
3.205145008
3.204336499
3.203530559
3.202727173
3.201926327
3.201128004
3.20033219
3.19953887
3.19874803
3.197959654
3.197173729
3.19639024
3.195609172
3.194830513
3.194054247
3.193280361
3.192508842
3.191739675
3.190972847
3.190208345
3.189446156
3.188686266
3.187928662
3.187173332
3.186420263
3.185669441
3.184920855
3.184174491
3.183430338
3.182688383
3.181948613
3.181211017
3.180475584
3.179742299
3.179011153
3.178282133
3.177555228
3.176830426
3.176107716
3.175387086
3.174668525
3.173952021
3.173237565
3.172525145
3.171814749
3.171106368
3.170399989
3.169695604
3.168993201
3.168292769
3.167594299
3.166897779
3.1662032
3.165510552
3.164819824
3.164131007
3.16344409
3.162759063
3.162075918
3.161394643
3.16071523
3.160037669
3.159361951
3.158688065
3.158016003
3.157345755
3.156677313
3.156010666
3.155345807
3.154682725
3.154021412
3.15336186
3.152704059
3.152048
3.151393675
3.150741076
3.150090193
3.149441018
3.148793544
3.14814776
3.14750366
3.146861235
3.146220476
3.145581376
3.144943926
3.144308119
3.143673946
3.1430414
3.142410472
3.141781156
3.141153442
3.140527324
3.139902794
3.139279845
3.138658468
3.138038657
3.137420403
3.1368037
3.136188541
3.135574917
3.134962822
3.134352248
3.13374319
3.133135638
3.132529587
3.13192503
3.131321958
3.130720367
3.130120248
3.129521596
3.128924402
3.128328662
3.127734367
3.127141512
3.126550089
3.125960093
3.125371516
3.124784353
3.124198597
3.123614242
3.123031281
3.122449708
3.121869517
3.121290701
3.120713256
3.120137173
3.119562448
3.118989075
3.118417047
3.117846358
3.117277003
3.116708976
3.116142271
3.115576882
3.115012803
3.114450029
3.113888554
3.113328372
3.112769478
3.112211866
3.11165553
3.111100466
3.110546668
3.109994129
3.109442846
3.108892812
3.108344022
3.107796471
3.107250154
3.106705065
3.1061612
3.105618552
3.105077117
3.10453689
3.103997866
3.103460039
3.102923405
3.102387959
3.101853695
3.101320609
3.100788697
3.100257952
3.099728371
3.099199948
3.098672679
3.098146558
3.097621582
3.097097746
3.096575045
3.096053473
3.095533028
3.095013704
3.094495496
3.0939784
3.093462412
3.092947527
3.092433741
3.091921049
3.091409446
3.09089893
3.090389494
3.089881136
3.08937385
3.088867632
3.088362479
3.087858385
3.087355347
3.086853361
3.086352422
3.085852526
3.085353669
3.084855848
3.084359058
3.083863295
3.083368555
3.082874834
3.082382128
3.081890434
3.081399747
3.080910063
3.080421379
3.079933691
3.079446995
3.078961286
3.078476563
3.077992819
3.077510053
3.07702826
3.076547436
3.076067578
3.075588683
3.075110745
3.074633763
3.074157732
3.073682649
3.07320851
3.072735312
3.072263051
3.071791723
3.071321326
3.070851856
3.070383308
3.069915681
3.06944897
3.068983173
3.068518285
3.068054303
3.067591225
3.067129046
3.066667764
3.066207375
3.065747876
3.065289264
3.064831535
3.064374687
3.063918715
3.063463618
3.063009391
3.062556032
3.062103538
3.061651905
3.06120113
3.060751211
3.060302144
3.059853926
3.059406554
3.058960026
3.058514337
3.058069486
3.057625469
3.057182283
3.056739926
3.056298394
3.055857685
3.055417795
3.054978722
3.054540463
3.054103016
3.053666376
3.053230542
3.052795511
3.052361279
3.051927845
3.051495205
3.051063356
3.050632297
3.050202024
3.049772534
3.049343825
3.048915894
3.048488739
3.048062356
3.047636744
3.047211899
3.04678782
3.046364502
3.045941945
3.045520144
3.045099099
3.044678805
3.044259261
3.043840465
3.043422413
3.043005103
3.042588532
3.042172699
3.0417576
3.041343234
3.040929598
3.040516688
3.040104504
3.039693043
3.039282302
3.038872278
3.038462971
3.038054376
3.037646492
3.037239316
3.036832847
3.036427082
3.036022018
3.035617653
3.035213986
3.034811013
3.034408733
3.034007142
3.03360624
3.033206024
3.032806491
3.03240764
3.032009468
3.031611973
3.031215153
3.030819005
3.030423529
3.03002872
3.029634578
3.0292411
3.028848284
3.028456128
3.02806463
3.027673788
3.0272836
3.026894063
3.026505176
3.026116936
3.025729343
3.025342392
3.024956083
3.024570414
3.024185382
3.023800986
3.023417224
3.023034093
3.022651592
3.022269718
3.02188847
3.021507846
3.021127844
3.020748462
3.020369699
3.019991551
3.019614018
3.019237097
3.018860787
3.018485085
3.01810999
3.017735501
3.017361614
3.016988329
3.016615644
3.016243556
3.015872064
3.015501166
3.01513086
3.014761146
3.014392019
3.01402348
3.013655526
3.013288156
3.012921367
3.012555159
3.012189529
3.011824475
3.011459996
3.011096091
3.010732756
3.010369992
3.010007796
3.009646166
3.009285101
3.008924599
3.008564658
3.008205278
3.007846455
3.007488189
3.007130478
3.00677332
3.006416714
3.006060658
3.00570515
3.00535019
3.004995774
3.004641903
3.004288573
3.003935784
3.003583534
3.003231822
3.002880645
3.002530003
3.002179894
3.001830316
3.001481268
3.001132749
3.000784756
3.000437288
3.000090344
2.999743923
2.999398022
2.999052641
2.998707778
2.998363431
2.998019599
2.997676281
2.997333475
2.99699118
2.996649393
2.996308115
2.995967343
2.995627076
2.995287312
2.994948051
2.99460929
2.994271029
2.993933265
2.993595999
2.993259227
2.99292295
2.992587165
2.992251871
2.991917067
2.991582751
2.991248922
2.990915579
2.990582721
2.990250346
2.989918452
2.989587039
2.989256105
2.988925649
2.98859567
2.988266165
2.987937135
2.987608578
2.987280492
2.986952876
2.986625728
2.986299049
2.985972836
2.985647088
2.985321804
2.984996982
2.984672622
2.984348722
2.98402528
2.983702297
2.98337977
2.983057698
2.98273608
2.982414915
2.982094202
2.981773939
2.981454126
2.98113476
2.980815842
2.980497369
2.98017934
2.979861755
2.979544612
2.97922791
2.978911648
2.978595825
2.978280439
2.97796549
2.977650976
2.977336897
2.97702325
2.976710035
2.976397251
2.976084897
2.975772971
2.975461473
2.975150401
2.974839755
2.974529532
2.974219733
2.973910356
2.973601399
2.973292863
2.972984745
2.972677045
2.972369761
2.972062893
2.97175644
2.9714504
2.971144773
2.970839556
2.97053475
2.970230354
2.969926365
2.969622784
2.969319609
2.969016839
2.968714474
2.968412511
2.968110951
2.967809791
2.967509032
2.967208672
2.96690871
2.966609145
2.966309976
2.966011202
2.965712823
2.965414836
2.965117242
2.964820039
2.964523226
2.964226803
2.963930768
2.96363512
2.963339859
2.963044983
2.962750492
2.962456384
2.962162659
2.961869315
2.961576353
2.96128377
2.960991566
2.96069974
2.960408291
2.960117218
2.959826521
2.959536198
2.959246248
2.958956671
2.958667465
2.95837863
2.958090165
2.957802069
2.95751434
2.957226979
2.956939985
2.956653355
2.95636709
2.956081189
2.955795651
2.955510474
2.955225658
2.954941203
2.954657107
2.954373369
2.954089989
2.953806966
2.953524299
2.953241987
2.952960029
2.952678424
2.952397172
2.952116272
2.951835723
2.951555523
2.951275673
2.950996172
2.950717018
2.950438211
2.950159749
2.949881633
2.949603862
2.949326434
2.949049349
2.948772605
2.948496203
2.948220142
2.947944419
2.947669036
2.947393991
2.947119283
2.946844912
2.946570876
2.946297175
2.946023808
2.945750775
2.945478074
2.945205705
2.944933668
2.94466196
2.944390582
2.944119533
2.943848812
2.943578419
2.943308352
2.943038611
2.942769195
2.942500103
2.942231335
2.94196289
2.941694767
2.941426965
2.941159485
2.940892324
2.940625482
2.940358959
2.940092754
2.939826866
2.939561294
2.939296039
2.939031098
2.938766471
2.938502158
2.938238158
2.93797447
2.937711093
2.937448028
2.937185272
2.936922826
2.936660689
2.936398859
2.936137337
2.935876122
2.935615213
2.935354609
2.93509431
2.934834315
2.934574623
2.934315233
2.934056146
2.93379736
2.933538875
2.93328069
2.933022804
2.932765217
2.932507928
2.932250936
2.931994241
2.931737843
2.931481739
2.931225931
2.930970416
2.930715196
2.930460268
2.930205632
2.929951289
2.929697236
2.929443473
2.929190001
2.928936817
2.928683922
2.928431315
2.928178995
2.927926962
2.927675215
2.927423754
2.927172577
2.926921684
2.926671076
2.92642075
2.926170706
2.925920945
2.925671464
2.925422265
2.925173345
2.924924705
2.924676343
2.92442826
2.924180455
2.923932926
2.923685675
2.923438699
2.923191998
2.922945572
2.922699421
2.922453543
2.922207938
2.921962605
2.921717545
2.921472756
2.921228237
2.920983989
2.92074001
2.920496301
2.92025286
2.920009687
2.919766781
2.919524143
2.91928177
2.919039664
2.918797822
2.918556245
2.918314933
2.918073884
2.917833098
2.917592574
2.917352312
2.917112312
2.916872573
2.916633094
2.916393875
2.916154915
2.915916214
2.915677771
2.915439585
2.915201657
2.914963986
2.914726571
2.914489411
2.914252506
2.914015857
2.913779461
2.913543318
2.913307429
2.913071792
2.912836407
2.912601274
2.912366392
2.91213176
2.911897378
2.911663246
2.911429362
2.911195728
2.910962341
2.910729201
2.910496309
2.910263663
2.910031263
2.909799109
2.9095672
2.909335535
2.909104115
2.908872938
2.908642004
2.908411312
2.908180863
2.907950656
2.907720689
2.907490964
2.907261478
2.907032233
2.906803227
2.906574459
2.90634593
2.906117639
2.905889585
2.905661768
2.905434188
2.905206843
2.904979734
2.904752861
2.904526222
2.904299817
2.904073646
2.903847708
2.903622003
2.90339653
2.90317129
2.90294628
2.902721502
2.902496954
2.902272637
2.902048549
2.901824691
2.901601061
2.901377659
2.901154486
2.90093154
2.900708821
2.900486329
2.900264063
2.900042022
2.899820207
2.899598617
2.899377251
2.89915611
2.898935192
2.898714497
2.898494025
2.898273775
2.898053747
2.89783394
2.897614355
2.89739499
2.897175846
2.896956921
2.896738216
2.89651973
2.896301462
2.896083412
2.895865581
2.895647966
2.895430569
2.895213387
2.894996423
2.894779673
2.894563139
2.89434682
2.894130716
2.893914826
2.893699149
2.893483686
2.893268435
2.893053397
2.892838571
2.892623957
2.892409554
2.892195363
2.891981381
2.89176761
2.891554049
2.891340697
2.891127554
2.890914619
2.890701893
2.890489375
2.890277064
2.89006496
2.889853063
2.889641372
2.889429888
2.889218608
2.889007534
2.888796665
2.888586
2.888375539
2.888165282
2.887955228
2.887745377
2.887535729
2.887326283
2.887117039
2.886907996
2.886699155
2.886490514
2.886282073
2.886073833
2.885865792
2.88565795
2.885450308
2.885242864
2.885035618
2.88482857
2.88462172
2.884415067
2.88420861
2.88400235
2.883796286
2.883590418
2.883384745
2.883179268
2.882973985
2.882768896
2.882564001
2.8823593
2.882154793
2.881950478
2.881746356
2.881542426
2.881338688
2.881135142
2.880931787
2.880728623
2.88052565
2.880322866
2.880120273
2.879917869
2.879715655
2.879513629
2.879311792
2.879110144
2.878908683
2.87870741
2.878506324
2.878305425
2.878104712
2.877904186
2.877703846
2.877503691
2.877303722
2.877103938
2.876904338
2.876704923
2.876505691
2.876306644
2.87610778
2.875909099
2.8757106
2.875512284
2.87531415
2.875116198
2.874918428
2.874720838
2.87452343
2.874326202
2.874129154
2.873932286
2.873735598
2.873539089
2.873342759
2.873146607
2.872950634
2.87275484
2.872559223
2.872363783
2.872168521
2.871973435
2.871778526
2.871583793
2.871389236
2.871194855
2.87100065
2.870806619
2.870612763
2.870419081
2.870225574
2.870032241
2.869839081
2.869646094
2.869453281
2.86926064
2.869068172
2.868875875
2.868683751
2.868491798
2.868300016
2.868108406
2.867916966
2.867725696
2.867534596
2.867343667
2.867152907
2.866962316
2.866771894
2.866581641
2.866391556
2.866201639
2.86601189
2.865822309
2.865632895
2.865443648
2.865254568
2.865065654
2.864876906
2.864688325
2.864499909
2.864311658
2.864123572
2.863935652
2.863747895
2.863560303
2.863372875
2.863185611
2.86299851
2.862811573
2.862624798
2.862438186
2.862251736
2.862065449
2.861879323
2.861693359
2.861507556
2.861321915
2.861136434
2.860951113
2.860765953
2.860580953
2.860396113
2.860211432
2.860026911
2.859842548
2.859658344
2.859474299
2.859290412
2.859106682
2.858923111
2.858739697
2.85855644
2.85837334
2.858190396
2.85800761
2.857824979
2.857642504
2.857460185
2.857278021
2.857096013
2.856914159
2.85673246
2.856550916
2.856369525
2.856188289
2.856007206
2.855826277
2.855645501
2.855464878
2.855284407
2.855104089
2.854923924
2.85474391
2.854564048
2.854384337
2.854204778
2.85402537
2.853846112
2.853667005
2.853488049
2.853309242
2.853130586
2.852952078
2.852773721
2.852595512
2.852417452
2.852239541
2.852061778
2.851884164
2.851706697
2.851529378
2.851352207
2.851175183
2.850998306
2.850821575
2.850644992
2.850468554
2.850292263
2.850116118
2.849940118
2.849764264
2.849588554
2.84941299
2.849237571
2.849062296
2.848887165
2.848712179
2.848537336
2.848362637
2.848188082
2.848013669
2.8478394
2.847665273
2.847491289
2.847317447
2.847143747
2.846970189
2.846796773
2.846623498
2.846450364
2.846277372
2.84610452
2.845931808
2.845759237
2.845586807
2.845414516
2.845242365
2.845070353
2.84489848
2.844726747
2.844555152
2.844383697
2.844212379
2.8440412
2.843870159
2.843699255
2.84352849
2.843357861
2.84318737
2.843017016
2.842846798
2.842676717
2.842506772
2.842336964
2.842167291
2.841997755
2.841828353
2.841659087
2.841489957
2.841320961
2.841152099
2.840983373
2.84081478
2.840646322
2.840477998
2.840309807
2.84014175
2.839973826
2.839806035
2.839638378
2.839470852
2.83930346
2.839136199
2.838969071
2.838802075
2.838635211
2.838468478
2.838301876
2.838135405
2.837969066
2.837802857
2.837636779
2.837470831
2.837305013
2.837139325
2.836973767
2.836808339
2.83664304
2.83647787
2.83631283
2.836147918
2.835983134
2.83581848
2.835653953
2.835489555
2.835325284
2.835161141
2.834997126
2.834833238
2.834669477
2.834505843
2.834342336
2.834178956
2.834015701
2.833852573
2.833689572
2.833526696
2.833363945
2.83320132
2.833038821
2.832876446
2.832714197
2.832552072
2.832390072
2.832228196
2.832066445
2.831904817
2.831743313
2.831581933
2.831420677
2.831259544
2.831098534
2.830937647
2.830776883
2.830616241
2.830455722
2.830295325
2.83013505
2.829974897
2.829814866
2.829654956
2.829495168
2.829335501
2.829175955
2.82901653
2.828857226
2.828698042
2.828538978
2.828380035
2.828221212
2.828062508
2.827903924
2.82774546
2.827587115
2.827428889
2.827270782
2.827112794
2.826954925
2.826797174
2.826639542
2.826482027
2.826324631
2.826167352
2.826010192
2.825853148
2.825696222
2.825539413
2.825382721
2.825226146
2.825069688
2.824913346
2.82475712
2.824601011
2.824445017
2.82428914
2.824133378
2.823977731
2.8238222
2.823666785
2.823511484
2.823356298
2.823201227
2.82304627
2.822891428
2.8227367
2.822582086
2.822427586
2.8222732
2.822118928
2.821964769
2.821810723
2.82165679
2.82150297
2.821349264
2.821195669
2.821042188
2.820888818
2.820735561
2.820582416
2.820429383
2.820276462
2.820123652
2.819970953
2.819818366
2.81966589
2.819513525
2.819361271
2.819209128
2.819057095
2.818905172
2.81875336
2.818601657
2.818450065
2.818298582
2.818147209
2.817995946
2.817844791
2.817693746
2.81754281
2.817391983
2.817241265
2.817090655
2.816940153
2.81678976
2.816639475
2.816489298
2.816339229
2.816189268
2.816039414
2.815889667
2.815740028
2.815590496
2.81544107
2.815291752
2.81514254
2.814993435
2.814844437
2.814695544
2.814546758
2.814398077
2.814249503
2.814101034
2.813952671
2.813804413
2.81365626
2.813508213
2.81336027
2.813212432
2.813064699
2.812917071
2.812769547
2.812622127
2.812474811
2.8123276
2.812180492
2.812033488
2.811886588
2.811739791
2.811593097
2.811446507
2.811300019
2.811153635
2.811007353
2.810861174
2.810715097
2.810569123
2.810423251
2.810277481
2.810131813
2.809986247
2.809840782
2.80969542
2.809550158
2.809404998
2.809259939
2.809114981
2.808970124
2.808825367
2.808680712
2.808536156
2.808391701
2.808247347
2.808103092
2.807958938
2.807814883
2.807670928
2.807527072
2.807383316
2.80723966
2.807096102
2.806952644
2.806809284
2.806666024
2.806522862
2.806379798
2.806236833
2.806093966
2.805951198
2.805808527
2.805665955
2.80552348
2.805381103
2.805238823
2.805096641
2.804954556
2.804812568
2.804670677
2.804528883
2.804387186
2.804245586
2.804104082
2.803962674
2.803821363
2.803680148
2.803539029
2.803398006
2.803257079
2.803116247
2.802975511
2.80283487
2.802694325
2.802553875
2.802413519
2.802273259
2.802133094
2.801993023
2.801853047
2.801713165
2.801573378
2.801433685
2.801294086
2.801154581
2.80101517
2.800875852
2.800736629
2.800597498
2.800458461
2.800319518
2.800180667
2.80004191
2.799903245
2.799764674
2.799626194
2.799487808
2.799349514
2.799211312
2.799073203
2.798935185
2.79879726
2.798659426
2.798521684
2.798384034
2.798246475
2.798109008
2.797971632
2.797834347
2.797697153
2.797560051
2.797423039
2.797286117
2.797149287
2.797012547
2.796875897
2.796739337
2.796602868
2.796466489
2.7963302
2.796194
2.79605789
2.79592187
2.795785939
2.795650098
2.795514346
2.795378683
2.795243109
2.795107624
2.794972228
2.794836921
2.794701702
2.794566572
2.79443153
2.794296576
2.794161711
2.794026933
2.793892244
2.793757642
2.793623128
2.793488702
2.793354363
2.793220112
2.793085948
2.792951871
2.792817882
2.792683979
2.792550163
2.792416434
2.792282792
2.792149236
2.792015767
2.791882384
2.791749087
2.791615876
2.791482752
2.791349713
2.79121676
2.791083893
2.790951112
2.790818416
2.790685805
2.79055328
2.79042084
2.790288485
2.790156215
2.79002403
2.78989193
2.789759915
2.789627984
2.789496137
2.789364375
2.789232697
2.789101104
2.788969594
2.788838169
2.788706827
2.788575569
2.788444395
2.788313304
2.788182297
2.788051373
2.787920533
2.787789775
2.787659101
2.78752851
2.787398001
2.787267576
2.787137233
2.787006972
2.786876795
2.786746699
2.786616686
2.786486755
2.786356906
2.786227139
2.786097454
2.785967851
2.785838329
2.785708889
2.785579531
2.785450253
2.785321058
2.785191943
2.78506291
2.784933957
2.784805086
2.784676295
2.784547585
2.784418956
2.784290408
2.784161939
2.784033551
2.783905244
2.783777016
2.783648869
2.783520802
2.783392814
2.783264906
2.783137078
2.78300933
2.782881661
2.782754071
2.782626561
2.78249913
2.782371779
2.782244506
2.782117312
2.781990197
2.781863161
2.781736203
2.781609324
2.781482524
2.781355802
2.781229158
2.781102593
2.780976105
2.780849696
2.780723365
2.780597111
2.780470935
2.780344837
2.780218817
2.780092874
2.779967008
2.77984122
2.779715509
2.779589875
2.779464318
2.779338838
2.779213435
2.779088109
2.778962859
2.778837686
2.77871259
2.77858757
2.778462626
2.778337759
2.778212968
2.778088252
2.777963613
2.77783905
2.777714562
2.777590151
2.777465815
2.777341554
2.777217369
2.777093259
2.776969225
2.776845266
2.776721382
2.776597573
2.776473839
2.776350179
2.776226595
2.776103085
2.77597965
2.775856289
2.775733003
2.775609792
2.775486654
2.775363591
2.775240601
2.775117686
2.774994845
2.774872078
2.774749384
2.774626764
2.774504218
2.774381745
2.774259345
2.774137019
2.774014767
2.773892587
2.77377048
2.773648447
2.773526486
2.773404599
2.773282784
2.773161042
2.773039372
2.772917775
2.77279625
2.772674798
2.772553418
2.772432111
2.772310875
2.772189711
2.77206862
2.7719476
2.771826652
2.771705776
2.771584971
2.771464238
2.771343577
2.771222987
2.771102468
2.77098202
2.770861644
2.770741339
2.770621104
2.770500941
2.770380848
2.770260827
2.770140876
2.770020995
2.769901185
2.769781446
2.769661777
2.769542178
2.769422649
2.769303191
2.769183803
2.769064484
2.768945236
2.768826057
2.768706948
2.768587909
2.768468939
2.768350039
2.768231209
2.768112448
2.767993756
2.767875133
2.767756579
2.767638095
2.767519679
2.767401333
2.767283055
2.767164846
2.767046706
2.766928634
2.766810631
2.766692697
2.76657483
2.766457032
2.766339303
2.766221641
2.766104048
2.765986522
2.765869065
2.765751675
2.765634353
2.765517099
2.765399913
2.765282794
2.765165743
2.765048759
2.764931842
2.764814993
2.764698211
2.764581496
2.764464848
2.764348267
2.764231753
2.764115306
2.763998926
2.763882612
2.763766365
2.763650185
2.763534071
2.763418023
2.763302042
2.763186127
2.763070279
2.762954496
2.762838779
2.762723129
2.762607544
2.762492026
2.762376573
2.762261185
2.762145864
2.762030608
2.761915417
2.761800292
2.761685232
2.761570237
2.761455308
2.761340444
2.761225645
2.761110911
2.760996242
2.760881637
2.760767098
2.760652623
2.760538213